EigenVal1	EigenVal2	EigenVal3	EigenVec1X	EigenVec1Y	EigenVec1Z	EigenVec2X	EigenVec2Y	EigenVec2Z	EigenVec3X	EigenVec3Y	EigenVec3Z	Volume3d (mm^3) 	Shape_VA3d	Length3d (mm) 	index
1.60236	0.418774	0.242309	0.671721	0.166707	0.721803	0.725509	0.0489354	-0.686471	-0.149761	0.984791	-0.0880764	8.64179	26.6383	6.34741	3641
1.19677	0.313892	0.0894106	-0.0208759	0.977223	-0.211185	0.976183	-0.0257004	-0.215421	0.215942	0.210652	0.953412	6.59608	10.8586	5.13232	5333
0.916437	0.0592023	0.0489172	0.795601	0.179163	-0.578722	0.556838	0.160028	0.81506	-0.23864	0.970717	-0.0275531	0.671612	15.5392	3.04439	3548
0.554877	0.0495201	0.0402336	0.523485	-0.267925	0.808813	0.749996	-0.305558	-0.586635	0.404314	0.913702	0.0409879	0.674234	17.373	2.76475	925
0.522767	0.187532	0.164084	-0.248517	0.173734	0.95292	0.363324	0.928675	-0.0745603	-0.897906	0.327689	-0.293913	1.25171	29.969	3.29619	969
0.460113	0.264341	0.0838078	-0.495106	0.562699	-0.661997	-0.451997	0.483897	0.749361	0.742003	0.670234	0.0147574	2.64095	9.78752	3.27877	2971
0.433226	0.0642084	0.0113232	0.85657	-0.443596	-0.263648	0.415138	0.89584	-0.15853	0.306509	0.0263414	0.951503	0.391299	14.037	2.93603	1259
0.359219	0.0187062	0.00451968	-0.0978334	0.405736	0.908739	0.287143	0.885794	-0.364578	0.952878	-0.225271	0.203165	0.157775	6.28694	2.34151	2302
0.268242	0.0358478	0.023755	-0.0585214	0.9104	-0.40957	0.062788	0.412817	0.908647	0.99631	0.0274592	-0.0813208	0.499771	5.55134	2.10935	5651
0.251816	0.0412254	0.0221705	0.693506	0.149227	-0.704827	0.0195789	0.974048	0.225491	0.720185	-0.170179	0.672587	0.380651	15.8129	2.2339	3033
0.248194	0.052363	0.0115565	0.682003	-0.174381	0.710256	0.122176	0.984676	0.12444	0.721072	-0.00190768	-0.692858	0.194994	18.267	1.99314	5727
0.231064	0.0811511	0.031937	-0.270082	0.565581	0.779213	-0.957314	-0.0711782	-0.28015	0.102984	0.821615	-0.560663	0.294208	16.9471	1.88509	1951
0.228318	0.0276195	0.0126022	-0.27459	0.489958	0.82737	0.932425	0.345886	0.104627	-0.234912	0.80019	-0.551826	0.217225	7.63718	2.13508	3600
0.222739	0.0731937	0.0673677	0.0129822	-0.594752	0.803805	-0.231594	0.780225	0.581045	0.972726	0.193699	0.127612	0.871211	9.06312	2.37716	1196
0.222396	0.199714	0.0939128	0.59928	0.0258949	0.800121	0.76103	-0.328543	-0.559368	0.248389	0.944134	-0.216596	2.38855	3.17557	2.5304	4705
0.195725	0.0212	0.0145706	0.394323	0.602402	-0.693989	0.85155	-0.523443	0.0294855	0.345502	0.602594	0.719381	0.25983	5.35848	1.81168	4275
0.184794	0.0217629	0.0130147	0.870554	-0.427656	0.243404	-0.386076	-0.286927	0.876709	0.305091	0.857195	0.414893	0.187594	5.44071	1.68292	2206
0.184313	0.109992	0.0131971	0.672575	0.452676	-0.585429	-0.683419	0.683397	-0.256723	0.283869	0.572759	0.769003	0.180131	40.1669	2.03473	4418
0.177887	0.05488	0.0238731	-0.217882	0.661695	0.717417	-0.895332	0.15707	-0.416786	0.38847	0.733136	-0.558214	0.434575	6.67354	1.74101	825
0.177546	0.0277911	0.0154828	0.571061	-0.552149	-0.607471	0.398941	-0.460075	0.793207	0.717451	0.695314	0.0424562	0.224282	7.06449	1.61673	1181
0.172807	0.128782	0.0418919	0.0891333	-0.347351	0.93349	-0.722656	0.62242	0.300604	0.685437	0.701385	0.195537	0.788889	12.0993	2.07516	396
0.171513	0.0709247	0.0322902	0.848017	0.0282103	0.529218	-0.507486	0.331	0.795548	0.152729	0.943209	-0.29501	0.547184	5.06284	1.77281	5740
0.166802	0.0291882	0.0165624	-0.604518	-0.314366	0.731937	-0.600398	0.783677	-0.159289	0.523528	0.535746	0.662491	0.202909	5.71742	1.54326	6038
0.162295	0.016404	0.0065284	-0.0248885	0.937102	0.348167	0.716746	-0.226057	0.659676	0.69689	0.265966	-0.666038	0.0887073	6.83374	1.77944	938
0.156351	0.0370273	0.0113614	-0.401938	0.68843	-0.603747	0.91564	0.307231	-0.259253	-0.00701192	0.657019	0.753841	0.220628	6.5604	1.6806	558
0.146327	0.0203813	0.0146884	0.18151	0.912629	0.366282	0.970698	-0.10663	-0.215347	0.157475	-0.394638	0.905242	0.157821	7.58552	1.65502	1056
0.140196	0.0266099	0.0205389	-0.0248912	0.0394099	0.998913	-0.533423	0.844563	-0.0466124	0.845482	0.534004	0	0.243797	4.71972	1.54687	4067
0.137495	0.024119	0.0161362	0.636462	0.699316	0.325382	0.49253	-0.693136	0.526286	0.593573	-0.174701	-0.785589	0.214587	4.12374	1.40991	5308
0.135704	0.0395697	0.0231391	0.933608	0.160414	0.32038	-0.358272	0.407585	0.83995	-0.00415779	0.898967	-0.437996	0.301061	6.60167	1.73998	5187
0.129388	0.104197	0.0550244	0.867263	-0.351858	-0.352208	0.494704	0.529665	0.689001	0.0558785	0.771784	-0.633424	0.828762	6.4279	2.10603	2317
0.123706	0.031499	0.0128203	-0.468653	0.805328	0.363058	-0.501816	-0.580937	0.640853	0.727011	0.11815	0.676385	0.251041	4.30402	1.54946	2822
0.120827	0.030554	0.0169434	0.221943	-0.174106	0.95939	0.248391	0.961563	0.117038	0.942891	-0.212328	-0.256659	0.255896	3.96746	1.43835	578
0.117224	0.0662017	0.0243545	0.170271	0.9841	0.0505533	0.975638	-0.16116	-0.148853	0.138339	-0.074667	0.987566	0.237052	13.5417	1.46834	5095
0.116032	0.0276714	0.0119967	0.971404	-0.233772	-0.0415221	0.188368	0.865257	-0.464595	0.144536	0.443488	0.884549	0.183456	6.01679	1.50232	5748
0.114489	0.0316001	0.00356174	-0.412673	0.856165	-0.310937	-0.299065	0.195083	0.934078	0.860384	0.47846	0.175544	0.0923761	6.65702	1.44371	4606
0.113524	0.0109164	0.00611219	0.75645	-0.0592771	-0.65136	0.5351	-0.516577	0.668444	0.376101	0.854187	0.359045	0.0876769	3.78244	1.25733	1567
0.112246	0.0383757	0.0262105	-0.146506	0.503941	0.851222	0.252875	0.850995	-0.460284	0.956342	-0.147819	0.25211	0.345399	3.54242	1.51355	8
0.110363	0.0188323	0.0142884	-0.283128	0.813781	-0.507543	0.777206	0.504747	0.375741	-0.561951	0.288083	0.775383	0.175916	4.25022	1.56653	1228
0.109817	0.0212905	0.00987299	-0.0877575	0.783536	-0.615117	0.995074	0.0403707	-0.0905409	0.0461094	0.620033	0.78322	0.111719	4.42395	1.24095	4566
0.10947	0.0904343	0.0201031	0.632706	0.260097	-0.729406	0.771508	-0.130504	0.622691	-0.0667691	0.956723	0.283237	0.386303	9.25953	1.70098	5084
0.108489	0.0244182	0.0161335	0.259268	0.681016	0.684834	-0.393898	-0.572866	0.718797	0.88183	-0.456116	0.119725	0.197382	9.00821	1.39413	746
0.105309	0.0470534	0.0090938	0.934852	-0.231978	0.26877	0.0586838	0.84757	0.527428	-0.350154	-0.477295	0.805966	0.0843827	16.7857	1.41102	1491
0.102749	0.0331883	0.0191215	0.350922	-0.431047	0.831295	0.610541	0.77843	0.145902	-0.709996	0.456339	0.53634	0.219192	5.31648	1.398	4863
0.0993288	0.031211	0.00791349	0.437268	0.898748	0.0323762	-0.401997	0.163126	0.900993	0.804485	-0.406991	0.432624	0.106895	4.47363	1.22629	2813
0.0986581	0.0438675	0.0226913	0.467892	-0.39331	0.791444	0.0456763	0.905081	0.422779	0.882605	0.161665	-0.441445	0.348553	3.32169	1.52566	5249
0.0977587	0.0711519	0.0322975	-0.353191	0.584193	0.730735	-0.112374	0.748929	-0.653053	0.928778	0.312768	0.198867	0.24019	16.2532	1.58342	2528
0.0973099	0.0310155	0.0226954	0.598071	0.163524	0.784583	0.800889	-0.0855575	-0.592669	-0.0297886	0.982822	-0.182134	0.210746	5.48225	1.2954	1948
0.0948817	0.0293676	0.0102237	-0.217748	0.865723	0.450677	-0.500703	-0.495449	0.709808	0.837784	-0.0710958	0.541353	0.181583	4.1232	1.43754	5613
0.0942276	0.0156348	0.0129342	0.95514	0.289715	0.0614175	-0.287152	0.956717	-0.0472887	-0.0724594	0.0275311	0.996991	0.133779	4.61736	1.25701	1480
0.0922608	0.0406196	0.0235993	0.915025	-0.0956197	-0.391902	0.381737	-0.108823	0.917843	0.130412	0.989452	0.0630739	0.271086	4.86024	1.34245	5192
0.0909682	0.00777475	0.00491923	0.0779536	-0.703036	0.706869	0.79015	-0.38879	-0.47382	0.607936	0.595469	0.525196	0.0283982	6.79915	1.13095	3521
0.0909589	0.0184685	0.0111873	0.220216	0.0512302	0.974105	0.958111	-0.198815	-0.206144	0.183106	0.978697	-0.0928664	0.127706	3.7985	1.17408	487
0.0900901	0.0298131	0.0189362	-0.129991	0.326679	0.936153	-0.777825	0.551927	-0.300606	0.61489	0.76724	-0.182353	0.233446	5.06921	1.31841	860
0.0845243	0.0391017	0.0331674	0.977028	0.213003	-0.00679345	-0.0452454	0.238477	0.970094	-0.208253	0.947501	-0.242636	0.305698	6.2146	1.53199	4589
0.0817976	0.0396516	0.0222098	0.918211	0.340935	0.201624	-0.268717	0.910161	-0.315274	-0.290998	0.235308	0.927335	0.123069	12.2683	1.46895	3227
0.0796935	0.0392556	0.016202	-0.34444	0.304389	0.888092	0.938806	0.113746	0.325123	-0.00205336	0.945732	-0.324941	0.257598	3.69298	1.34354	348
0.0784762	0.0491307	0.0161839	-0.0335601	0.967855	-0.24926	0.969639	-0.0289154	-0.242827	0.242229	0.249841	0.937499	0.256926	4.42482	1.28335	394
0.0773137	0.0173978	0.0119417	0.743842	0.593569	0.307204	-0.423953	0.774374	-0.469691	-0.516685	0.219136	0.827657	0.152451	3.42808	1.29757	4328
0.0740719	0.0104643	0.00106144	0.497374	0.854936	-0.147325	0.770555	-0.357334	0.527785	-0.398578	0.376028	0.836504	0.0296471	6.81604	1.12208	1551
0.0735081	0.0124143	0.00524534	0.504628	-0.131798	0.853217	0.581748	-0.678308	-0.44885	0.637902	0.72286	-0.26562	0.0649458	4.82919	1.04009	5482
0.0732276	0.0145214	0.00662338	-0.208494	0.965966	-0.153103	0.0720014	0.171279	0.982588	0.97537	0.19384	-0.105262	0.070332	4.23097	1.14157	2375
0.0728576	0.0370404	0.00281404	-0.0770457	0.485246	0.870977	-0.130114	0.861209	-0.491314	0.988501	0.15118	0.00321533	0.031224	11.9952	1.11816	3665
0.0714508	0.0219017	0.0114786	-0.255853	0.9514	0.171397	0.309417	-0.087378	0.946904	0.91586	0.295302	-0.272023	0.117933	4.18753	1.17128	5659
0.0686026	0.043111	0.0176583	0.867416	0.064355	-0.493404	0.487965	0.0840067	0.868811	-0.0973615	0.994385	-0.0414658	0.132717	9.71919	1.30253	5047
0.0666721	0.0089862	0.00585868	0.937511	-0.286135	0.197989	0.021775	0.616138	0.787337	0.347273	0.733826	-0.583867	0.0661167	3.07562	0.959009	116
0.0665119	0.0167684	0.00915489	-0.553188	0.81016	0.193968	0.519174	0.153188	0.840828	0.651492	0.565839	-0.505356	0.0991048	3.56441	1.12674	3917
0.0652295	0.0433986	0.0206402	0.106115	0.810426	0.57615	-0.935429	-0.115136	0.33424	0.337212	-0.574416	0.745878	0.242516	3.85941	1.30913	790
0.0651523	0.0337763	0.0195248	0.446439	0.834615	0.322661	0.8718	-0.324441	-0.367019	0.201635	-0.445147	0.872461	0.167954	4.3676	1.16512	2771
0.0633197	0.00809693	0.00237399	0.360561	-0.584394	0.726966	-0.381718	0.618685	0.686674	0.85105	0.525084	0	0.0324417	5.19565	1.1013	4998
0.0628926	0.0425402	0.0147446	0.997842	0.00269801	-0.0656071	-0.0304168	0.904483	-0.425424	0.0581927	0.426502	0.902613	0.158805	6.26283	1.22093	4406
0.0614254	0.0470487	0.0193042	-0.155656	0.980898	-0.11666	0.282759	0.157402	0.946188	0.946477	0.114293	-0.301858	0.306276	2.52432	1.21528	3716
0.0610929	0.0481172	0.0254372	-0.503082	0.585022	0.636127	0.510374	0.795108	-0.327601	0.697443	-0.159853	0.698584	0.316533	3.34962	1.27559	6077
0.0607228	0.00965688	0.00537497	0.921756	-0.3485	-0.170039	0.331784	0.48183	0.811024	0.200712	0.803982	-0.559756	0.0657108	2.8779	0.975999	4755
0.0605513	0.0192486	0.0161613	-0.174156	0.895349	-0.409902	0.94379	0.0330068	-0.328895	0.280946	0.44414	0.85077	0.161724	2.59401	1.18206	2407
0.0602747	0.0350017	0.027594	0.979767	0.146395	0.136477	-0.0928561	-0.271578	0.957926	-0.1773	0.951217	0.25249	0.298751	3.41111	1.2181	4009
0.0595712	0.0256085	0.0100153	0.827038	-0.51438	0.226761	0.190914	0.636419	0.747344	0.528734	0.57479	-0.624546	0.145379	2.96571	1.05567	2039
0.0582387	0.0150157	0.0112345	0.124323	0.742183	-0.658565	0.806967	-0.461828	-0.368128	0.577362	0.485674	0.656334	0.0603715	7.77912	1.04502	506
0.0580313	0.0183742	0.0120848	-0.447044	0.816714	-0.36487	-0.202267	0.30504	0.930612	0.871344	0.489826	0.0288273	0.0958575	4.761	1.05223	865
0.0578319	0.0127188	0.00978344	0.957483	0.0170836	0.287984	0.139172	0.847054	-0.512963	-0.252702	0.531233	0.808662	0.0623074	5.03536	1.01318	4512
0.0578006	0.0259907	0.0140591	0.692851	-0.247082	0.677427	0.0490593	0.953437	0.297576	-0.71941	-0.172942	0.672712	0.138869	3.82106	1.12196	857
0.0570998	0.0249732	0.00976001	0.689262	-0.694029	-0.207947	0.625482	0.425166	0.654222	-0.365637	-0.580997	0.727153	0.11417	3.4988	1.07257	5128
0.0567509	0.00746215	0.00428597	0.612614	0.155691	0.774897	0.0497611	0.970865	-0.234404	0.788814	-0.182159	-0.587018	0.0241205	6.25278	0.910876	2288
0.0554829	0.0191785	0.011248	0.925655	0.29704	-0.234372	0.0788988	0.454278	0.887359	-0.370051	0.83988	-0.397069	0.113265	3.29536	1.09869	1596
0.0553898	0.0266938	0.0186972	-0.387664	0.913416	-0.124052	0.358933	0.273531	0.892383	0.849049	0.301418	-0.433893	0.205422	3.24617	1.30634	595
0.0549936	0.0187638	0.0118286	0.747182	0.429987	-0.506785	0.222679	0.556483	0.800463	-0.626206	0.710942	-0.320045	0.120119	3.26411	1.2565	5536
0.0548991	0.0171036	0.0027509	-0.216359	-0.281533	0.934841	0.311355	0.887628	0.339374	0.925336	-0.364494	0.10439	0.0248543	8.86101	1.03482	3930
0.0543559	0.0100834	0.00592052	0.771626	0.635167	0.0339994	-0.610735	0.724889	0.318651	0.177751	-0.266644	0.947262	0.056531	2.75902	0.974725	1267
0.0538795	0.0159626	0.00833105	-0.483584	0.233517	0.843574	0.755499	0.598029	0.267549	0.442005	-0.766701	0.465619	0.0802924	3.42759	1.02558	1282
0.053729	0.025472	0.0159304	0.489884	0.867269	0.088645	0.748952	-0.366635	-0.55195	0.446189	-0.336782	0.829152	0.116981	5.18802	1.09552	3002
0.0536911	0.0106391	0.00687153	0.761945	-0.600869	0.241652	0.584126	0.798737	0.144275	-0.279707	0.0312259	0.959577	0.0601842	3.31347	0.914642	2727
0.0531911	0.0448029	0.031913	0.868995	0.485626	-0.0949462	-0.46972	0.749248	-0.466894	-0.155598	0.450327	0.879201	0.332613	3.89135	1.39407	5773
0.0530333	0.0356874	0.025268	0.560133	0.819447	-0.121478	0.723766	-0.412753	0.55299	-0.403006	0.397669	0.824285	0.272023	2.51238	1.16359	2087
0.052781	0.0265918	0.0133774	0.234628	0.966459	-0.104437	0.949338	-0.204706	0.238437	-0.209061	0.15509	0.965526	0.146909	4.58146	1.13298	5919
0.0524702	0.0118656	0.00924204	0.585357	-0.418212	-0.694591	0.377187	0.898813	-0.223304	0.717696	-0.131278	0.68387	0.0788405	3.35009	1.03129	2923
0.0519704	0.00633528	0.00303673	0.441492	0.0849424	0.893235	0.419448	0.860498	-0.289147	-0.793188	0.502322	0.344275	0.0179382	7.26452	0.906567	4550
0.0518052	0.0233518	0.0170395	0.675284	-0.514619	-0.528354	0.166483	0.804222	-0.570535	0.718522	0.297312	0.628754	0.167407	2.54194	1.04544	1099
0.0515284	0.015459	0.0109819	-0.560328	-0.266536	0.784214	0.623601	0.487377	0.611217	-0.545119	0.831518	-0.106878	0.107582	3.64355	1.07263	1170
0.0509016	0.0347047	0.0171298	0.085796	0.736013	0.671509	0.875328	0.266228	-0.403638	0.475858	-0.622421	0.621411	0.193151	3.14329	1.18272	1207
0.0507962	0.0133835	0.007774	0.778347	-0.623839	-0.0707109	0.62102	0.748453	0.232707	-0.0922479	-0.22504	0.969973	0.0571867	4.0033	0.985549	3595
0.0505537	0.0154486	0.0113169	0.573676	0.497721	0.650515	-0.491604	0.844472	-0.212586	-0.65515	-0.19784	0.729135	0.101041	2.84295	0.921317	4338
0.0504361	0.0388882	0.0207108	0.278567	-0.709281	0.647551	0.948111	0.0955004	-0.303259	0.153254	0.698427	0.69908	0.178679	4.78976	1.19211	2111
0.0502555	0.0039378	0.00205739	0.963277	0.266033	0.0363838	-0.200496	0.802776	-0.561563	-0.178602	0.533646	0.826634	0.0130984	5.89985	0.90511	2722
0.0501277	0.00388461	0.00141302	0.620458	0.437705	0.650728	-0.487077	-0.435241	0.75718	-0.614645	0.786753	0.0568527	0.00989799	6.85794	0.874112	3129
0.0499468	0.0135678	0.0070628	-0.0629705	-0.650351	0.757019	-0.745709	0.534783	0.397399	0.66329	0.539492	0.518648	0.0698948	3.26838	0.989721	1308
0.049945	0.025561	0.0118796	-0.055685	0.815115	-0.576617	0.857289	0.335072	0.390874	0.511815	-0.472561	-0.717447	0.0669442	12.7275	0.981467	3545
0.0486198	0.0106993	0.00545697	0.810053	0.556256	-0.185453	-0.0137516	0.334217	0.942396	-0.586195	0.760841	-0.278383	0.0505984	4.34356	0.909901	5085
0.0480986	0.0102374	0.00701985	0.793235	-0.484728	0.368533	0.334249	0.852515	0.401865	-0.508976	-0.195592	0.838265	0.0743598	2.40763	0.950126	4391
0.04796	0.00984665	0.00436255	0.0120358	0.917599	0.397325	0.299457	-0.382424	0.874115	0.954034	0.108461	-0.279384	0.0336594	5.50783	0.878348	1029
0.0464212	0.00792532	0.00445425	0.938173	-0.314565	-0.144503	0.345908	0.835694	0.426572	-0.0134249	-0.450183	0.892835	0.0281172	4.44199	0.792253	2554
0.0464101	0.0345528	0.0125452	0.869206	-0.491508	-0.0538552	0.0621794	0.000601661	0.998065	0.490524	0.870873	-0.0310846	0.128284	5.66897	1.16375	4940
0.0460819	0.0127589	0.00664624	-0.0668328	0.718743	-0.692056	0.101206	0.694913	0.711936	0.992618	-0.0224598	-0.119184	0.0751717	2.5975	0.959563	4471
0.0457028	0.0275741	0.0214269	0.710813	0.322637	-0.62502	-0.428867	0.90311	-0.0215486	0.55751	0.283368	0.780311	0.218193	1.87257	1.02751	3664
0.0451119	0.0379079	0.0279979	0.456335	0.0752515	0.88662	0.836515	0.303375	-0.456296	-0.303315	0.949895	0.0754916	0.258987	2.48075	1.11443	27
0.0449195	0.0115285	0.00890659	-0.0927211	0.419982	0.902784	0.977546	-0.133917	0.162699	0.189229	0.897598	-0.398134	0.0582015	5.11719	0.91863	2830
0.0447283	0.0154596	0.00649148	-0.621429	0.772225	0.132267	0.783329	0.6156	0.0862048	0.0148541	-0.157179	0.987458	0.0671939	3.08359	0.938639	350
0.044212	0.0144897	0.00673498	0.740754	-0.0768891	0.667362	0.252182	0.952601	-0.170163	-0.622646	0.294345	0.725033	0.0495056	4.73171	0.983056	2736
0.0440258	0.00840816	0.00419726	-0.693728	0.693505	-0.194402	0.283646	0.511167	0.811328	0.662032	0.5077	-0.551321	0.0296159	4.83419	0.830364	6156
0.0438978	0.00897838	0.00475753	0.841862	-0.532143	0.0899608	0.538955	0.820234	-0.191687	0.0282158	0.209859	0.977325	0.0367038	3.65611	0.836476	4188
0.0437885	0.0269641	0.0198767	0.798121	-0.149418	-0.583675	0.124975	0.988747	-0.0822222	0.589392	-0.00732176	0.807814	0.192449	2.44939	1.22034	5948
0.0435498	0.00700279	0.00373087	-0.435926	-0.540335	0.719727	-0.0968892	0.82324	0.559364	0.894752	-0.174108	0.411224	0.018469	6.03076	0.937037	146
0.0434696	0.0148004	0.00724667	0.427451	0.855946	-0.290932	0.885088	-0.330681	0.327521	-0.184134	0.397499	0.898938	0.0604964	3.83902	0.856381	1237
0.0434503	0.00904883	0.00464395	-0.434373	-0.495293	0.752333	0.267998	0.726352	0.632922	0.85994	-0.476548	0.18277	0.01875	7.79117	0.825713	3709
0.0432213	0.0152753	0.0120517	-0.667935	0.728037	0.154352	0.674842	0.679942	-0.286825	0.313769	0.0874171	0.945467	0.0907836	4.78603	1.03413	6025
0.0431198	0.0202365	0.0148407	0.770214	-0.0311567	-0.637024	0.56504	-0.429909	0.704207	0.295803	0.902334	0.313518	0.144005	2.13189	1.00353	1070
0.0429912	0.0193447	0.00644643	-0.422595	0.724238	-0.544879	0.899247	0.410015	-0.152453	-0.112996	0.554406	0.824539	0.0705974	4.05622	0.949731	5916
0.042956	0.0135508	0.00300178	0.830412	0.222585	-0.510756	0.547798	-0.158929	0.821376	-0.101653	0.961872	0.253908	0.0490528	3.8233	1.05484	106
0.0417316	0.0197799	0.00753984	-0.473489	0.801823	0.364539	0.7738	0.180962	0.607031	0.420763	0.569503	-0.706134	0.0598407	3.5929	0.94315	53
0.0417238	0.00895222	0.00581385	-0.611191	0.699921	-0.369535	-0.331056	0.198015	0.922601	0.718921	0.686222	0.110688	0.0423865	4.30258	0.943251	435
0.0416832	0.00917171	0.00396636	0.605921	0.769548	0.201631	0.504034	-0.567461	0.651105	0.615475	-0.29289	-0.731715	0.0406848	2.61149	0.846889	5228
0.041653	0.0164187	0.0127795	0.943851	0.0232809	0.329551	-0.250285	0.701502	0.667272	0.215646	0.712287	-0.66794	0.105958	2.9639	1.05678	3081
0.041359	0.0225329	0.00928205	0.0557208	-0.67125	0.739134	-0.79282	0.420234	0.441407	0.606904	0.610596	0.508764	0.070613	5.71612	1.02114	3584
0.0411961	0.00757375	0.00635011	-0.569979	-0.3346	0.750444	-0.319041	0.931792	0.173138	0.75719	0.140737	0.637853	0.0513166	2.34111	0.799298	4602
0.0410761	0.016206	0.0128366	0.631978	0.768779	0.0978877	0.774226	-0.620706	-0.123685	0.034327	-0.153953	0.987482	0.0909398	3.33932	0.995334	5901
0.0410751	0.0257117	0.0179311	-0.310466	0.54874	0.776206	-0.764327	0.341377	-0.547051	0.565168	0.763116	-0.313431	0.174776	2.47247	0.979756	369
0.0409398	0.0156858	0.0121381	0.922475	0.385989	0.00721628	-0.324868	0.766032	0.554667	0.208568	-0.514011	0.832041	0.111001	2.15972	0.892425	2838
0.0406472	0.0185694	0.0103365	0.494035	0.07953	0.865797	0.830938	-0.336255	-0.443256	0.255876	0.938407	-0.232206	0.1083	2.76646	0.952502	928
0.0404787	0.0236199	0.0104024	-0.122453	-0.15114	0.980899	0.952136	-0.296799	0.0731304	0.280077	0.942904	0.18025	0.133873	2.06835	0.954583	4890
0.0403013	0.0145805	0.0108306	-0.0243677	0.919127	-0.393207	0.34589	0.376783	0.859299	0.937958	-0.115067	-0.327098	0.0799645	4.0769	0.954918	1581
0.0400298	0.0356972	0.0162062	-0.393502	0.914636	0.0927226	-0.0552356	-0.124199	0.990719	0.917663	0.384728	0.0993932	0.175244	2.99857	1.0809	2882
0.0395084	0.00926889	0.00663703	0.185031	0.319268	0.929425	0.681876	0.639342	-0.355369	0.707678	-0.699507	0.0994033	0.034159	4.76503	0.772425	2058
0.0392099	0.0137519	0.0112638	-0.250945	0.460286	0.851565	0.115147	0.887663	-0.445866	0.961128	0.0138331	0.275755	0.0816819	3.28888	0.935489	816
0.0390353	0.0291548	0.02611	0.683075	0.423329	-0.595148	-0.139962	0.875654	0.462212	0.716812	-0.232427	0.657387	0.197382	2.49804	1.08261	4990
0.0390141	0.0247267	0.0136518	0.762685	-0.5914	0.261836	-0.512339	-0.305356	0.802662	0.394742	0.746327	0.535887	0.125489	3.44942	1.0146	906
0.0388257	0.032904	0.0135301	0.107298	-0.654017	0.748832	0.956144	-0.138581	-0.258038	0.272535	0.743678	0.610465	0.177368	1.76382	0.931825	1876
0.038824	0.0162852	0.00544286	0.162375	0.733849	0.659621	0.49764	-0.638153	0.587465	0.85205	0.232865	-0.468813	0.070613	2.33921	0.889747	14
0.0387901	0.0180162	0.0158371	0.886557	0.243556	0.393317	-0.0591161	0.902867	-0.425837	-0.458828	0.354277	0.81484	0.141007	2.52659	0.954769	2919
0.0387436	0.00980712	0.00732098	-0.497858	-0.370866	0.783962	0.865973	-0.163383	0.472649	-0.0472037	0.914202	0.402501	0.0624791	2.34772	0.81163	3527
0.0381047	0.0118758	0.00815807	0.514825	0.824188	-0.235946	0.628434	-0.175613	0.75778	0.583118	-0.5384	-0.608357	0.0641184	3.19408	0.811603	1442
0.0379756	0.00665303	0.00547801	-0.0109068	0.970573	0.24056	0.985506	-0.0302953	0.166912	-0.169288	-0.238894	0.956175	0.0436511	2.91125	0.854531	5559
0.0376534	0.0159307	0.00705044	0.953953	-0.273512	-0.123147	0.275528	0.636726	0.720183	0.118568	0.720951	-0.682767	0.0530651	4.40554	0.88429	2612
0.0376162	0.0253384	0.0101937	0.82029	-0.244161	0.517214	-0.562144	-0.177451	0.807778	0.105448	0.953361	0.282815	0.0969972	4.11718	1.01439	3827
0.0369927	0.0232784	0.0123001	0.1728	-0.377024	0.909941	0.902105	-0.310291	-0.299878	0.395408	0.872681	0.286497	0.108659	3.58676	0.944315	4487
0.0367394	0.000857577	0.000435961	-0.624259	0.748813	0.222664	0.768096	0.640335	0	0.14258	-0.171028	0.974895	0.00468359	4.28925	0.767985	235
0.0364974	0.0187736	0.0037705	0.929008	-0.367543	0.043078	0.370047	0.923601	-0.100127	-0.00298585	0.10896	0.994042	0.0451342	5.81025	0.956008	5889
0.0364775	0.00915428	0.00730827	-0.458069	0.878402	-0.136319	0.868323	0.409346	-0.280092	0.190231	0.24667	0.950245	0.0645087	1.9166	0.862065	2237
0.0361826	0.0230804	0.0133713	0.651748	-0.290726	-0.700502	0.407922	-0.644275	0.646923	0.639393	0.707381	0.301312	0.106817	3.49542	0.98594	2581
0.0360969	0.0179284	0.0118371	0.101856	-0.561424	0.821236	0.994745	0.0660744	-0.0782059	-0.010356	0.824886	0.565204	0.100135	2.98977	0.910639	4180
0.0359606	0.0184802	0.00904529	0.934297	0.000904576	-0.356494	0.35225	0.151524	0.923558	-0.054853	0.988453	-0.14125	0.0947491	3.15147	0.870826	823
0.0357024	0.0254437	0.00986139	-0.316981	-0.429853	0.845428	0.645131	0.555689	0.52442	0.695219	-0.711643	-0.101168	0.0716746	5.40767	1.02181	5022
0.0350956	0.0151246	0.00651609	-0.41186	-0.446566	0.794324	0.910687	-0.171152	0.375974	-0.031947	0.878229	0.477172	0.0681151	3.58856	0.936527	3761
0.0350208	0.010286	0.00742921	0.505046	-0.452715	0.734832	0.862897	0.246757	-0.441043	-0.0183418	-0.856831	-0.51527	0.0447595	3.77094	0.917441	3576
0.0346513	0.0202715	0.0118035	0.663756	-0.708642	-0.239281	0.717791	0.513588	0.47011	-0.210248	-0.483792	0.849554	0.0981681	2.60195	0.896448	170
0.0345973	0.0164823	0.010603	0.50854	0.858711	0.063268	0.860953	-0.508148	-0.0233548	-0.0120945	-0.0663477	0.997723	0.0863342	2.52404	0.870053	2471
0.0344423	0.0235149	0.00415702	0.0976734	0.122533	0.987646	0.755065	0.637368	-0.153748	-0.648334	0.760754	-0.0302668	0.0534242	4.27233	0.845727	1055
0.0342237	0.00576563	0.00127591	0.0813804	-0.675278	0.733059	-0.344253	0.671189	0.656502	0.935343	0.305784	0.177845	0.0149094	6.81194	0.855485	4895
0.0342036	0.0101835	0.00536053	0.134228	0.402214	0.905653	0.0789946	0.906672	-0.414375	0.987797	-0.127163	-0.0899284	0.0490216	2.94981	0.914995	2591
0.0335284	0.0141472	0.00639655	0.141216	0.977735	0.15522	0.67209	-0.209807	0.710124	0.726879	0.00404084	-0.686754	0.0384679	4.26179	0.770551	6109
0.0334625	0.0111595	0.00797831	0.137115	0.200713	0.970007	0.29837	0.925407	-0.233661	0.94455	-0.321459	-0.0670005	0.0618547	2.35704	0.819591	3606
0.033228	0.00212582	0.000999538	0.210523	0.867702	0.450304	-0.630613	-0.231439	0.740786	0.746999	-0.43992	0.49846	0.00601061	4.33918	0.668647	4084
0.0329114	0.00347447	0.00201653	-0.587121	0.809465	0.00744444	0.724593	0.529617	-0.440989	0.360908	0.25352	0.897482	0.0137542	2.82467	0.655334	5226
0.0326004	0.0135042	0.00378096	0.771118	-0.593828	-0.229664	0.593738	0.540435	0.596159	-0.229898	-0.596068	0.769318	0.0358295	3.28439	0.814045	6132
0.0324717	0.0103339	0.00735471	0.406272	0.636996	0.655118	0.802741	-0.591318	0.07714	-0.436521	-0.49455	0.751578	0.0542672	2.81579	0.724469	2908
0.0322209	0.0168354	0.0105979	-0.129522	0.923525	0.361007	0.562388	-0.231434	0.793825	0.816667	0.305844	-0.489403	0.0498334	11.7891	0.831778	3073
0.0322083	0.0265056	0.022497	0.164531	0.889427	-0.426439	-0.315909	0.457073	0.831436	0.934415	-0.0020809	0.356181	0.164254	2.89192	0.995771	2194
0.0321771	0.00600532	0.0057097	0.649125	0.737813	-0.185118	0.750789	-0.660542	0	0.122278	0.138985	0.982716	0.0356421	2.77826	0.729592	4177
0.0319902	0.0066284	0.00358031	0.595451	0.598191	-0.536288	-0.794566	0.33982	-0.503177	-0.118755	0.725734	0.677649	0.0286011	3.43967	0.834476	2250
0.031375	0.0168624	0.0087146	0.703148	-0.519883	0.485082	0.529189	0.838278	0.131336	-0.474913	0.164351	0.86455	0.0846794	2.34361	0.818708	778
0.0313431	0.0228264	0.00640557	0.259892	-0.454523	0.851977	0.194479	0.888853	0.414871	0.945851	-0.0578703	-0.319401	0.0711438	3.68757	0.83484	1565
0.0313423	0.0173324	0.0121652	0.689281	0.623306	0.369299	-0.288706	-0.231203	0.929082	-0.664485	0.747018	-0.0205886	0.0962791	2.35148	0.913415	1630
0.0307886	0.0209294	0.0168534	0.244589	0.703255	0.66754	-0.911399	-0.0682372	0.405827	0.330951	-0.707656	0.624255	0.14082	1.73603	0.896635	2850
0.0303498	0.0129513	0.0118281	-0.668422	0.0949632	0.737695	0.5933	0.666221	0.451823	0.448562	-0.739683	0.501658	0.0853038	1.87917	0.808095	4724
0.0298177	0.00696544	0.00513896	-0.58108	-0.0246835	0.813472	0.812008	-0.0847352	0.577463	0.0546759	0.996098	0.0692811	0.0294598	2.87961	0.721485	5626
0.0295476	0.0140184	0.00990263	0.782938	-0.484387	-0.390356	0.331961	-0.205377	0.920664	0.526128	0.850406	0	0.0553913	4.11665	0.801594	2553
0.0292663	0.00841669	0.0051272	-0.0629882	0.854357	-0.515856	0.943577	0.219357	0.248083	-0.325108	0.471123	0.819968	0.0269307	4.07873	0.750389	3708
0.0292456	0.0144745	0.00740571	-0.672522	0.00700166	0.740044	-0.348236	0.879345	-0.324782	0.653028	0.476133	0.588941	0.0624947	2.80059	0.880765	2590
0.0291239	0.00808743	0.00359212	0.853579	-0.44346	0.273397	0.467848	0.883371	-0.0278188	-0.229175	0.151654	0.961499	0.0151592	10.8802	0.731529	5172
0.0287637	0.0156006	0.0135624	-0.547496	0.192681	0.814323	-0.00782999	0.971908	-0.235233	0.836771	0.135165	0.530607	0.0929225	2.2464	0.813357	6157
0.0286296	0.0185089	0.00562176	0.929755	0.0852698	0.358169	-0.308953	-0.348441	0.88495	-0.20026	0.933444	0.29762	0.0650707	2.67605	0.831389	2655
0.028535	0.015747	0.0106965	-0.132041	0.964405	-0.229102	0.990029	0.116865	-0.0786488	0.0490753	0.237202	0.97022	0.094109	1.55741	0.80835	6293
0.0284508	0.0105897	0.0047766	0.925125	0.379484	-0.0116661	0.122431	-0.269101	0.955298	-0.359381	0.885199	0.295413	0.0290851	4.58958	0.722596	3531
0.0282412	0.0241606	0.0115848	0.183901	0.978065	-0.0978253	0.971968	-0.166113	0.166388	-0.146488	0.125682	0.981196	0.118698	1.63819	0.845629	5693
0.028153	0.0156754	0.00941225	0.567121	0.818248	-0.0940431	0.42807	-0.195276	0.882396	0.703654	-0.540683	-0.461013	0.0767797	2.47236	0.807135	942
0.0280892	0.00715553	0.0068155	0.691228	-0.289406	-0.662154	0.722029	0.314167	0.61642	-0.0296313	0.904181	-0.42612	0.0371097	4.23685	0.730012	3436
0.0279839	0.00987498	0.00427225	0.00238635	0.748167	0.663507	0.521926	-0.566898	0.637354	0.852987	0.344781	-0.391841	0.0428237	2.25439	0.757231	2487
0.0279081	0.022537	0.0158247	0.165859	0.816773	0.552605	-0.109971	-0.541552	0.833443	0.979999	-0.199004	0	0.13086	2.47105	0.851172	1828
0.0274781	0.0087223	0.00417545	0.831691	0.462263	-0.307576	-0.55456	0.718945	-0.419024	0.0274306	0.519068	0.854293	0.0419494	1.88271	0.722439	4209
0.0270548	0.0129732	0.00901189	0.869056	-0.207606	0.449044	0.105514	0.964585	0.241748	-0.48333	-0.162712	0.860184	0.062245	3.00896	0.822598	304
0.0265181	0.0252086	0.00868357	-0.225336	0.845169	0.484679	-0.0722254	-0.510596	0.856782	0.9716	0.158057	0.176098	0.089925	2.76705	0.972928	5403
0.0264211	0.0158453	0.00609225	0.479941	0.834904	-0.269428	-0.522069	0.518617	0.677111	0.705053	-0.184314	0.684784	0.021685	8.24761	0.851444	107
0.0263576	0.00403431	0.0025564	0.367449	0.4289	0.825243	0.85743	-0.499943	-0.121948	0.360271	0.752398	-0.551455	0.012552	3.3244	0.64193	3615
0.0263397	0.0147736	0.012689	0.859666	-0.476245	0.184838	0.500202	0.711199	-0.493958	0.103788	0.517095	0.849612	0.0475072	14.9305	0.776475	6100
0.0262433	0.0108493	0.00851433	0.827332	0.518533	0.215975	-0.556444	0.80911	0.188974	-0.0767581	-0.276523	0.957937	0.0674125	1.61319	0.76745	209
0.026158	0.0068208	0.00423372	-0.128271	0.703084	0.699443	-0.0926353	-0.71068	0.69739	0.987403	0.0246616	0.15629	0.028445	2.97643	0.640568	915
0.0260489	0.0194972	0.00966409	-0.289053	0.943551	0.161737	0.392616	-0.0372435	0.918948	0.873098	0.329125	-0.359688	0.0915018	3.44565	1.00403	3543
0.0260399	0.0153493	0.010002	0.840578	-0.478646	-0.253625	0.068418	-0.370648	0.92625	0.537352	0.795938	0.278811	0.0703632	2.42486	0.775272	547
0.0260227	0.00489166	0.00250225	0.817217	-0.314841	0.482733	0.307899	0.946553	0.0961051	-0.48719	0.0700942	0.870478	0.0164706	3.93821	0.739834	6233
0.0259998	0.0135878	0.00882303	0.672062	0.718517	-0.179069	0.346471	-0.0913994	0.933597	0.654439	-0.689478	-0.310371	0.0674437	2.09536	0.769139	2021
0.0257999	0.00265965	0.00205185	0.747206	0.664349	0.0179992	-0.578734	0.66375	-0.473817	-0.326727	0.343622	0.880439	0.0108815	2.96493	0.583546	4858
0.0256366	0.00766046	0.00605212	0.145727	0.925413	0.349822	-0.0544166	-0.345563	0.936816	0.987827	-0.155555	0	0.0407316	2.2335	0.700021	1357
0.0255451	0.00926623	0.0024141	0.640067	0.70764	-0.299265	0.66552	-0.316007	0.676182	-0.383924	0.631969	0.673214	0.0137854	5.06689	0.759052	3275
0.0255296	0.0143686	0.00794951	-0.156106	0.788928	-0.594326	0.285626	0.612051	0.737435	0.945542	-0.0546367	-0.320883	0.0627445	2.44577	0.741029	1762
0.0254602	0.014815	0.00868126	0.195004	0.81942	0.539004	0.501374	-0.555606	0.663269	0.842969	0.140903	-0.519181	0.0747345	1.83896	0.806152	3661
0.0254253	0.00347727	0.00316921	-0.364583	0.300096	0.881488	0.529208	0.84568	-0.0690252	0.766171	-0.441325	0.467134	0.0173293	2.62502	0.639857	1389
0.0252196	0.0055766	0.00517484	0.858169	0.432677	-0.27629	0.246707	0.124386	0.961074	-0.450202	0.892927	0	0.0362198	1.80123	0.69949	2358
0.0249623	0.0116296	0.00491878	-0.189461	-0.25037	0.949431	0.797418	-0.603428	0	0.572913	0.757093	0.313975	0.0406068	2.89445	0.76343	1700
0.0249372	0.00224598	0.000513979	-0.534451	0.811033	-0.237883	0.804725	0.57434	0.150172	-0.25842	0.11117	0.959615	0.00601061	4.0308	0.678991	4936
0.0249328	0.00642055	0.00251965	0.0611561	0.419822	0.905544	0.368137	0.833792	-0.41142	0.927758	-0.358525	0.103561	0.0162052	5.90166	0.651231	5420
0.0248606	0.000443647	0.00015977	0.360285	0.916485	0.173927	0.930669	-0.365861	0	-0.0636333	-0.161869	0.984758	0.00184221	4.35283	0.66407	4608
0.0248037	0.0110045	0.00800413	0.885151	0.304974	-0.351422	-0.452278	0.741361	-0.495811	0.109321	0.597808	0.79415	0.0615736	2.05493	0.768418	1234
0.024771	0.0101391	0.00388789	0.267971	0.959956	-0.0817076	0.956331	-0.254764	0.143269	-0.116716	0.116532	0.986305	0.0385147	2.1022	0.704567	230
0.0247003	0.00648836	0.0034999	0.702614	-0.589705	0.398222	-0.541364	-0.0798049	0.836992	0.461799	0.803666	0.375317	0.0233399	2.51054	0.657668	5667
0.0245991	0.0104494	0.00842267	0.711027	0.689761	0.136637	0.173345	-0.360263	0.916604	-0.681463	0.628045	0.375723	0.0570462	2.45606	0.722206	4092
0.0245714	0.0171881	0.00984988	0.371992	0.781194	-0.501356	-0.314583	0.614253	0.723693	0.873304	-0.11149	0.474248	0.0756088	2.19142	0.813778	25
0.0245294	0.0168114	0.00646226	0.181138	-0.0489675	0.982238	0.742482	0.661754	-0.103934	-0.644911	0.74812	0.156227	0.0364384	7.60889	0.825666	2855
0.0244581	0.0167167	0.00776921	0.458842	0.168185	0.872455	0.0353469	0.977689	-0.207061	0.887815	-0.125847	-0.44266	0.0521128	4.14315	0.737155	808
0.024368	0.00533626	0.00187458	0.483434	0.196026	0.85315	0.6999	0.498808	-0.511205	-0.525767	0.844254	0.103942	0.0127081	4.12424	0.681928	4869
0.0242952	0.020426	0.0151019	-0.453704	0.20865	0.866382	0.639923	0.752892	0.153794	-0.620203	0.624195	-0.475109	0.120306	1.511	0.780078	3052
0.0241632	0.0116424	0.00651261	0.67248	0.656291	0.342129	-0.244851	-0.238957	0.939653	-0.69844	0.715668	0	0.0303965	4.46769	0.755026	4782
0.0241095	0.0120373	0.00919333	0.38714	0.265771	0.882886	0.333823	0.852189	-0.40291	0.859468	-0.45071	-0.241196	0.053674	3.88589	0.774926	5349
0.0236202	0.00568683	0.00387413	0.797182	0.203584	0.568379	-0.550705	-0.140639	0.822767	-0.247438	0.968904	0	0.0190778	3.137	0.635452	455
0.0235516	0.00886628	0.00253126	0.925554	-0.260559	-0.274696	0.0998725	0.867852	-0.48668	0.365205	0.423014	0.829267	0.0226686	3.11683	0.640438	3888
0.0235306	0.00350691	0.000901357	0.100123	0.671982	0.733768	-0.0211757	0.738746	-0.673651	0.99475	-0.0519099	-0.0881952	0.00622918	5.08178	0.587452	1197
0.0232971	0.00858503	0.00496355	-0.371731	0.528503	0.763217	0.0132612	0.82507	-0.564875	0.928246	0.19986	0.313713	0.0367194	2.45335	0.767374	5983
0.0231937	0.0115334	0.00508538	0.792444	-0.553705	-0.255818	0.581475	0.812441	0.0427387	0.184173	-0.18262	0.96578	0.0441351	2.07231	0.67469	630
0.0231817	0.0065392	0.00323445	0.458424	0.771251	-0.44161	0.833916	-0.545099	-0.0863241	0.307298	0.328692	0.893045	0.0221066	2.55836	0.66764	2102
0.0231566	0.00476954	0.00199742	0.454362	0.410032	0.790841	0.668421	0.42993	-0.606937	-0.58887	0.804384	-0.0787298	0.0159398	2.44767	0.611386	2533
0.0231391	0.0147855	0.00793441	0.157347	0.0320974	0.987022	0.690886	-0.717735	-0.0867979	0.705634	0.695577	-0.135109	0.0692079	1.72855	0.712945	1366
0.0231267	0.0106128	0.00272225	-0.329765	0.929458	-0.165415	0.799472	0.181751	-0.572549	0.502096	0.321051	0.803011	0.0218099	3.60788	0.6207	4420
0.0231234	0.0057876	0.00188945	-0.0387879	0.994358	0.0987348	0.876701	0.0812761	-0.47412	0.479469	-0.0681708	0.874907	0.0206234	2.21534	0.685374	3720
0.0230319	0.00678794	0.00466334	-0.472777	0.489945	0.732418	0.69234	-0.307643	0.652702	0.545112	0.815665	-0.193762	0.0274459	3.12348	0.649199	6168
0.0230239	0.00408864	0.00192352	0.858648	0.50146	-0.106121	0.265799	-0.258592	0.928699	-0.438263	0.825632	0.355327	0.00994483	4.68021	0.619165	5567
0.0229504	0.0197088	0.00428196	0.306666	0.693502	-0.651929	0.574841	0.410966	0.707577	0.758626	-0.591745	-0.272624	0.0334877	7.78425	0.720625	5117
0.0229379	0.00989053	0.00407384	0.671877	-0.535994	-0.511167	0.612872	0.789857	-0.0226619	0.415896	-0.298054	0.859183	0.0305526	2.37807	0.751265	5993
0.02289	0.00391159	0.00278289	0.860854	0.502548	0.0798524	-0.508682	0.845839	0.160622	0.0131779	-0.178891	0.983781	0.0152217	2.74065	0.568424	3599
0.0228166	0.0130836	0.00983606	-0.252858	-0.314001	0.915132	-0.0238829	0.947607	0.318545	0.967209	-0.0586905	0.247109	0.073751	1.69157	0.709542	4761
0.0227974	0.0117901	0.00787882	-0.304565	0.903511	0.301509	-0.650371	-0.428534	0.627196	0.695886	-0.00507104	0.718134	0.064134	1.58816	0.702258	1775
0.0227577	0.00517259	0.00308052	0.761113	-0.55335	0.338394	0.643619	0.70897	-0.288298	-0.0803813	0.437224	0.895753	0.0229028	2.25152	0.671117	5437
0.0226837	0.00731545	0.00380018	0.316022	0.426857	0.847304	-0.386924	0.873414	-0.295699	0.866268	0.234395	-0.441179	0.0305526	2.17721	0.65664	5555
0.0226655	0.0200041	0.0158678	0.127612	0.971732	-0.198624	0.975766	-0.087112	0.200728	-0.177751	0.219426	0.9593	0.118464	1.54105	0.758222	4088
0.0226395	0.0160503	0.00915741	-0.66766	0.683124	0.295924	-0.0210379	-0.414653	0.909737	0.744169	0.601169	0.291219	0.076124	1.8833	0.814253	2098
0.0226124	0.0084415	0.00353197	0.949598	-0.248233	0.191427	-0.305929	-0.600731	0.7386	0.0683486	0.759936	0.646395	0.0186719	8.03239	0.660959	5994
0.0224911	0.0123564	0.00880425	-0.286174	0.938936	-0.191057	-0.0317831	0.189985	0.981273	0.95765	0.286887	-0.0245263	0.0675062	1.50797	0.69329	4022
0.0224861	0.0140181	0.00913443	-0.120599	-0.534483	0.836531	0.812176	0.431425	0.392737	0.570812	-0.726774	-0.382065	0.0729548	1.65234	0.742965	5834
0.0224179	0.0180478	0.00996511	-0.038167	0.987877	-0.150475	0.364604	0.15397	0.918345	0.93038	-0.0198133	-0.36606	0.0582483	3.37799	0.80843	5745
0.0223259	0.0195496	0.0147045	0.843404	-0.21193	-0.493717	0.195791	0.976964	-0.0849009	0.500336	-0.0250596	0.865469	0.100135	2.22714	0.782417	1342
0.0222655	0.00668668	0.00369907	0.654774	0.554872	-0.513214	0.619936	-0.00582947	0.784631	-0.432378	0.831915	0.347802	0.0233243	2.59956	0.667851	754
0.0222334	0.00858419	0.0018553	-0.493389	0.858728	-0.1384	0.374962	0.353554	0.856973	0.784838	0.370926	-0.49643	0.025869	2.2327	0.671856	1212
0.0221327	0.00423807	0.00306027	-0.415463	0.613467	-0.671602	0.637869	0.722862	0.265694	-0.64847	0.318008	0.691634	0.0159554	3.49285	0.678775	3367
0.0221184	0.011388	0.00722797	0.536018	0.250942	0.806048	-0.596491	0.788237	0.151267	0.597397	0.561882	-0.572194	0.0567027	1.73925	0.707907	2627
0.0219866	0.00732469	0.00403186	0.112888	-0.0780674	0.990536	-0.535522	0.834942	0.126836	0.836942	0.544772	-0.0524481	0.0296159	2.40762	0.676342	3597
0.0219833	0.0178683	0.0136912	0.73969	-0.642282	-0.200828	-0.326547	-0.603518	0.727415	0.588409	0.472482	0.656152	0.104491	1.38538	0.743349	4080
0.0217805	0.00825133	0.00586796	0.86885	-0.423139	0.257009	-0.402956	-0.302825	0.863669	0.287624	0.853961	0.433616	0.0389831	2.14286	0.727534	744
0.0217622	0.0114826	0.00478627	0.766143	-0.592982	-0.247785	0.480983	0.784773	-0.390881	0.42624	0.18029	0.886462	0.0369223	2.39659	0.738531	2860
0.0216339	0.0117579	0.0081538	0.59264	-0.119826	0.796505	0.343701	0.931945	-0.11553	0.728456	-0.342227	-0.593492	0.053393	2.34975	0.794852	2047
0.0215713	0.008413	0.00569532	0.643914	-0.153559	0.74953	0.591007	0.721972	-0.359816	0.485886	-0.674668	-0.555642	0.0344712	2.42204	0.779268	3910
0.0215184	0.00928807	0.00260543	0.796649	-0.105835	0.595105	-0.377807	0.681337	0.62693	0.471818	0.724278	-0.502801	0.0292412	2.3167	0.690952	5678
0.0214484	0.0170621	0.0138904	0.831717	-0.127946	-0.540255	0.550583	0.315293	0.772948	-0.0714427	0.94033	-0.33268	0.0984335	1.48234	0.75871	2960
0.0213548	0.0055555	0.00485616	0.719259	0.44632	0.532414	-0.527263	0.849702	0	-0.452394	-0.280722	0.846484	0.0213572	5.86081	0.732245	2468
0.0213273	0.0176241	0.0157359	-0.0164482	-0.000719538	0.999864	0.0751094	0.997173	0.00195318	0.99704	-0.0751313	0.0163477	0.0953267	1.96109	0.786678	1096
0.0212989	0.00963923	0.00250696	0.701528	0.614703	-0.360552	-0.701955	0.508757	-0.498423	-0.122949	0.602749	0.788401	0.025307	3.59636	0.718347	6127
0.0212071	0.0137796	0.00877989	0.0340473	0.975321	0.218152	0.688295	-0.181146	0.70245	0.724631	0.126236	-0.677476	0.0636969	1.88321	0.732869	811
0.0211905	0.0123102	0.010171	0.164691	-0.500817	0.849741	-0.883298	0.308491	0.353012	0.438931	0.808712	0.391565	0.0722835	1.47221	0.752877	1940
0.0211878	0.0134236	0.00464929	-0.473563	-0.46964	0.745102	-0.261729	0.882798	0.390084	0.840973	0.0102853	0.540979	0.0397637	2.56696	0.743305	665
