


# These data come from Sarah Titus and Vasilis Chatzaras. They include field observations of orthopyroxene clasts and X-ray computed tomography of spinel clasts in rocks from the Massif du Sud, New Caledonia.



### DATA ###

# This is the northing-easting of the ridge-transform intersection.
ncRTI <- c(7.62656*10^6, 607488)

# This is a rough idea of the strike of the transform fault in degrees. More recently we think that it might be 000 degrees.
ncStrikeDeg <- 15

# SPO derived from field measurements of orthopyroxene by Sarah Titus.
# Each entry is (1) name, (2) northing-easting in meters, (3) OPX SPO ready for ellEllipsoidFromAxesDeg.
ncOrthoDeg <- list(
  list("KA04-20", c(7.639500693*10^6, 583398.61),
       c(1.087817206, 298.6557129, 1.187657461, 0.994413004, 207.4034339, 46.51074434, 0.924436918, 29.78159794, 43.46460596)),
  list("KA04-17", c(7.635358364*10^6, 591113.19),
       c(1.154435929, 116.0794408, 60.25990867, 1.04910731, 350.8843003, 18.22600983, 0.825677124, 252.9879004, 22.64649514)),
  list("KA04-23", c(7.63816651*10^6, 591336.11),
       c(1.112701314, 272.1602768, 24.05805765, 1.043665779, 36.1032262, 51.35585704, 0.861112623, 168.2905447, 28.23331822)),
  list("BG04-41", c(7.624503143*10^6, 601673.79),
       c(1.113736844, 341.8415518, 15.02557192, 0.981376027, 154.1000513, 74.8425554, 0.91491757, 251.3180657, 1.949414997)),
  list("BG04-04", c(7.626779317*10^6, 606293.81),
       c(1.126488363, 18.79145212, 2.30763474, 1.028775647, 110.1975296, 31.33827212, 0.862884395, 285.0124906, 58.5572689)),
  list("BG04-05", c(7.626900057*10^6, 606618.95),
       c(1.112192224, 195.083006, 1.105193311, 0.964896173, 102.2679248, 68.55489941, 0.931836165, 285.5164907, 21.41376292)),
  list("BG04-06", c(7.62655508*10^6, 607062.96),
       c(1.10787012, 199.6221642, 16.39194416, 0.996786701, 23.434461, 73.57366112, 0.905542662, 289.9262236, 1.03352482)),
  list("BG04-21", c(7.62670089*10^6, 607333.35),
       c(1.178337333, 194.9283247, 2.556983659, 0.993713033, 303.3585039, 81.95990676, 0.854022626, 104.5861235, 7.617556964)),
  list("BG04-20", c(7.626077681*10^6, 607831.78),
       c(1.182929679, 183.145755, 15.78015205, 0.989310622, 29.95462578, 72.43064932, 0.854492784, 275.2860049, 7.528113025)),
  list("BG04-07", c(7.624717957*10^6, 608383.97),
       c(1.219478337, 199.5416736, 18.72818254, 1.003645028, 21.64381586, 71.26008549, 0.817044616, 289.7584831, 0.639472168)),
  list("BG04-18", c(7.626424466*10^6, 608395.38),
       c(1.165501367, 177.3243732, 39.85827535, 1.02659222, 6.483822153, 49.77959196, 0.835774746, 271.113381, 4.525572337)),
  list("BG04-17", c(7.626203471*10^6, 608611.51),
       c(1.154435929, 183.2923802, 30.23331827, 1.04910731, 24.06563885, 58.06415792, 0.825677124, 278.7858192, 9.328319942)),
  list("BG04-08a", c(7.624749697*10^6, 608603.5),
       c(1.146841169, 194.5984415, 36.98975104, 1.042228302, 66.38588424, 39.39249035, 0.836630827, 309.2925701, 29.01323982)),
  list("BG04-09", c(7.625045704*10^6, 609032.03),
       c(1.184108979, 327.7598739, 49.29034907, 1.035361678, 161.1452148, 39.93119741, 0.815673286, 65.54586899, 6.648690149)),
  list("BG04-12", c(7.625927133*10^6, 609374.73),
       c(1.091837204, 342.9449187, 42.43855083, 1.053145307, 132.3888011, 43.2828126, 0.869668649, 237.8981112, 15.85047587)),
  list("BG04-10", c(7.625969486*10^6, 609659.97),
       c(1.17276704, 208.1849983, 1.7612529, 1.116294426, 321.0617425, 85.4774347, 0.763852478, 118.0567255, 4.164208153)),
  list("BG04-45", c(7.62293338*10^6, 610640.91),
       c(1.058640389, 353.2844876, 25.28132129, 1.004865255, 145.396597, 61.88187633, 0.940034323, 257.771523, 11.49774653)),
  list("BG04-39", c(7.618807269*10^6, 611553.52),
       c(1.045877498, 83.46078571, 56.04143277, 1.014988254, 263.2033275, 33.95829923, 0.942015751, 353.2836606, 0.119285746)),
  list("TH04-02", c(7.619925612*10^6, 616486.65),
       c(1.136707814, 261.1203538, 24.56617368, 1.028774052, 57.69107584, 63.51763335, 0.855128051, 166.8368562, 9.27985133)),
  list("RB04-01", c(7.549869818*10^6, 671636.1),
       c(1.140903744, 285.1387392, 2.624529225, 0.975316109, 15.49161884, 7.652406938, 0.898681077, 176.3379616, 81.9049293)),
  list("RB04-03", c(7.548549873*10^6, 699542.83),
       c(1.084592797, 256.6513618, 7.757362849, 1.018612085, 166.3346465, 2.323657028, 0.905158137, 59.77328832, 81.89798391)),
  list("RB04-04", c(7.547554683*10^6, 694133.28),
       c(1.063029284, 340.4607469, 10.63251377, 0.995210163, 248.3821779, 10.93483001, 0.945235381, 113.6284063, 74.65528317)),
  list("RB04-05", c(7.541512518*10^6, 667774.34),
       c(1.10634183, 257.0795336, 2.275085274, 1.008226433, 166.642721, 10.86275498, 0.896504735, 358.7581131, 78.89587012)))

# SPO derived from XRCT measurements by Vasilis Chatzaras.
# These SPO were re-calculated from the Avizo XRCT files by Joshua R. Davis on 2015/10/27.
# Each entry is (1) name, (2) northing-easting in meters, (3) spinel SPO ready for ellEllipsoidFromVector.
